0.000000 
0.000001 
0.000001 
0.000002 
0.000006 
0.000008 
0.000020 
0.000041 
0.000035 
0.000039 
0.000056 
0.000066 
0.000059 
0.000070 
0.000084 
0.000099 
0.000118 
0.000136 
0.000156 
0.000181 
0.000195 
0.000212 
0.000240 
0.000271 
0.000305 
0.000342 
0.000381 
0.000461 
0.000475 
0.000524 
0.000584 
0.000652 
0.000720 
0.000744 
0.001129 
0.001239 
0.001479 
0.001498 
0.001557 
0.001968 
0.001766 
0.001526 
0.001486 
0.001607 
0.001742 
0.001848 
0.002150 
0.002061 
0.002242 
0.000009 
0.000001 
0.000003 
0.000005 
0.000010 
0.000016 
0.000025 
0.000037 
0.000053 
0.000071 
0.000094 
0.000122 
0.000160 
0.000191 
0.000242 
0.000284 
0.000353 
0.000413 
0.000504 
0.000378 
0.000303 
0.000341 
0.000389 
0.000442 
0.000500 
0.000573 
0.000636 
0.000699 
0.000811 
0.000892 
0.000945 
0.001026 
0.001127 
0.001227 
0.001341 
0.001152 
0.001071 
0.001116 
0.001311 
0.001510 
0.001402 
0.001553 
0.001991 
0.001743 
0.001826 
0.002058 
0.002136 
0.002241 
0.002684 
0.000000 
0.000001 
0.000001 
0.000003 
0.000005 
0.000007 
0.000008 
0.000023 
0.000017 
0.000042 
0.000049 
0.000049 
0.000071 
0.000075 
0.000079 
0.000115 
0.000097 
0.000116 
0.000134 
0.000155 
0.000179 
0.000205 
0.000233 
0.000264 
0.000298 
0.000336 
0.000411 
0.000474 
0.000458 
0.000505 
0.000599 
0.000612 
0.000809 
0.000733 
0.000840 
0.000937 
0.000968 
0.001139 
0.001118 
0.001295 
0.001326 
0.001437 
0.001952 
0.001828 
0.001769 
0.001809 
0.002033 
0.002129 
0.002434 
